From Id	To Id	Tx	Meta
10	0	0.0126058	
10	0	0.0126058	
15	5	0.0662765	
15	5	0.0662765	
19	9	0.103582	
19	9	0.103582	
3	13	0.111759	
3	13	0.111759	
9	19	0.115049	
9	19	0.115049	
14	4	0.119729	
14	4	0.119729	
2	12	0.123712	
2	12	0.123712	
6	16	0.209845	
6	16	0.209845	
4	14	0.219658	
4	14	0.219658	
12	2	0.233188	
12	2	0.233188	
1	11	0.26338	
1	11	0.26338	
17	7	0.288448	
17	7	0.288448	
18	8	0.312506	
18	8	0.312506	
5	15	0.324829	
5	15	0.324829	
0	10	0.364523	
0	10	0.364523	
8	18	0.407217	
8	18	0.407217	
7	17	0.415851	
7	17	0.415851	
16	6	0.416591	
16	6	0.416591	
11	1	0.467662	
11	1	0.467662	
13	3	0.490897	
13	3	0.490897	
8	18	2.0178	
8	18	2.0178	
6	16	2.02515	
6	16	2.02515	
18	8	2.04527	
18	8	2.04527	
16	6	2.05999	
16	6	2.05999	
17	7	2.07173	
17	7	2.07173	
